69 250
70 250
71 250
72 250
73 250
74 250
75 250
76 250
77 250
78 250
79 250
80 250
81 250
82 250
83 250
84 250
85 250
86 250
87 250
88 250
89 250
90 250
69 249
70 249
71 249
72 249
73 249
74 249
75 249
76 249
77 249
78 249
79 249
80 249
81 249
82 249
83 249
84 249
85 249
86 249
87 249
88 249
89 249
90 249
91 249
92 249
93 249
68 248
69 248
70 248
71 248
83 248
84 248
85 248
86 248
87 248
88 248
89 248
90 248
91 248
92 248
93 248
94 248
95 248
96 248
66 247
67 247
68 247
69 247
70 247
91 247
92 247
93 247
94 247
95 247
96 247
97 247
64 246
65 246
66 246
67 246
68 246
69 246
70 246
94 246
95 246
96 246
97 246
98 246
62 245
63 245
64 245
65 245
66 245
67 245
68 245
69 245
70 245
96 245
97 245
98 245
99 245
60 244
61 244
62 244
63 244
64 244
65 244
66 244
67 244
68 244
69 244
97 244
98 244
99 244
100 244
58 243
59 243
60 243
61 243
62 243
63 243
64 243
65 243
66 243
67 243
68 243
98 243
99 243
100 243
101 243
102 243
56 242
57 242
58 242
59 242
60 242
61 242
64 242
65 242
66 242
67 242
99 242
100 242
101 242
102 242
103 242
104 242
55 241
56 241
57 241
58 241
59 241
60 241
63 241
64 241
65 241
66 241
67 241
100 241
101 241
102 241
103 241
104 241
105 241
53 240
54 240
55 240
56 240
57 240
63 240
64 240
65 240
66 240
101 240
102 240
103 240
104 240
105 240
106 240
107 240
51 239
52 239
53 239
54 239
55 239
56 239
62 239
63 239
64 239
65 239
102 239
103 239
104 239
105 239
106 239
107 239
108 239
109 239
49 238
50 238
51 238
52 238
53 238
54 238
61 238
62 238
63 238
64 238
103 238
104 238
105 238
106 238
107 238
108 238
109 238
110 238
111 238
48 237
49 237
50 237
51 237
52 237
61 237
62 237
63 237
64 237
103 237
104 237
105 237
106 237
108 237
109 237
110 237
111 237
112 237
46 236
47 236
48 236
49 236
50 236
51 236
60 236
61 236
62 236
63 236
104 236
105 236
106 236
109 236
110 236
111 236
112 236
113 236
45 235
46 235
47 235
48 235
49 235
59 235
60 235
61 235
62 235
104 235
105 235
106 235
107 235
111 235
112 235
113 235
114 235
115 235
43 234
44 234
45 234
46 234
47 234
59 234
60 234
61 234
62 234
105 234
106 234
107 234
112 234
113 234
114 234
115 234
116 234
42 233
43 233
44 233
45 233
46 233
58 233
59 233
60 233
61 233
105 233
106 233
107 233
108 233
114 233
115 233
116 233
117 233
118 233
40 232
41 232
42 232
43 232
44 232
58 232
59 232
60 232
106 232
107 232
108 232
109 232
115 232
116 232
117 232
118 232
119 232
39 231
40 231
41 231
42 231
43 231
57 231
58 231
59 231
60 231
106 231
107 231
108 231
109 231
116 231
117 231
118 231
119 231
120 231
37 230
38 230
39 230
40 230
41 230
56 230
57 230
58 230
59 230
107 230
108 230
109 230
118 230
119 230
120 230
121 230
122 230
36 229
37 229
38 229
39 229
40 229
56 229
57 229
58 229
59 229
107 229
108 229
109 229
110 229
119 229
120 229
121 229
122 229
123 229
35 228
36 228
37 228
38 228
39 228
55 228
56 228
57 228
58 228
108 228
109 228
110 228
121 228
122 228
123 228
124 228
34 227
35 227
36 227
37 227
54 227
55 227
56 227
57 227
108 227
109 227
110 227
111 227
122 227
123 227
124 227
125 227
32 226
33 226
34 226
35 226
36 226
54 226
55 226
56 226
57 226
108 226
109 226
110 226
111 226
123 226
124 226
125 226
126 226
31 225
32 225
33 225
34 225
35 225
53 225
54 225
55 225
56 225
109 225
110 225
111 225
124 225
125 225
126 225
127 225
128 225
30 224
31 224
32 224
33 224
52 224
53 224
54 224
55 224
109 224
110 224
111 224
112 224
125 224
126 224
127 224
128 224
129 224
29 223
30 223
31 223
32 223
52 223
53 223
54 223
55 223
110 223
111 223
112 223
127 223
128 223
129 223
130 223
28 222
29 222
30 222
31 222
51 222
52 222
53 222
54 222
110 222
111 222
112 222
113 222
128 222
129 222
130 222
131 222
26 221
27 221
28 221
29 221
30 221
50 221
51 221
52 221
53 221
54 221
111 221
112 221
113 221
129 221
130 221
131 221
132 221
25 220
26 220
27 220
28 220
29 220
50 220
51 220
52 220
53 220
111 220
112 220
113 220
130 220
131 220
132 220
133 220
24 219
25 219
26 219
27 219
49 219
50 219
51 219
52 219
53 219
112 219
113 219
114 219
131 219
132 219
133 219
134 219
23 218
24 218
25 218
26 218
48 218
49 218
50 218
51 218
52 218
112 218
113 218
114 218
132 218
133 218
134 218
135 218
22 217
23 217
24 217
25 217
48 217
49 217
50 217
51 217
112 217
113 217
114 217
115 217
133 217
134 217
135 217
136 217
21 216
22 216
23 216
24 216
47 216
48 216
49 216
50 216
51 216
113 216
114 216
115 216
134 216
135 216
136 216
137 216
20 215
21 215
22 215
23 215
46 215
47 215
48 215
49 215
50 215
113 215
114 215
115 215
135 215
136 215
137 215
138 215
19 214
20 214
21 214
22 214
46 214
47 214
48 214
49 214
50 214
113 214
114 214
115 214
116 214
136 214
137 214
138 214
139 214
18 213
19 213
20 213
21 213
45 213
46 213
47 213
48 213
49 213
114 213
115 213
116 213
137 213
138 213
139 213
140 213
17 212
18 212
19 212
20 212
44 212
45 212
46 212
47 212
48 212
49 212
114 212
115 212
116 212
117 212
138 212
139 212
140 212
17 211
18 211
19 211
44 211
45 211
46 211
47 211
48 211
114 211
115 211
116 211
117 211
138 211
139 211
140 211
141 211
16 210
17 210
18 210
19 210
43 210
44 210
45 210
46 210
47 210
48 210
114 210
115 210
116 210
117 210
118 210
139 210
140 210
141 210
142 210
15 209
16 209
17 209
18 209
42 209
43 209
44 209
45 209
46 209
47 209
115 209
116 209
117 209
118 209
140 209
141 209
142 209
143 209
14 208
15 208
16 208
17 208
42 208
43 208
44 208
45 208
46 208
47 208
115 208
116 208
117 208
118 208
119 208
141 208
142 208
143 208
13 207
14 207
15 207
16 207
41 207
42 207
43 207
44 207
45 207
46 207
115 207
116 207
117 207
118 207
119 207
142 207
143 207
144 207
13 206
14 206
15 206
40 206
41 206
42 206
43 206
44 206
45 206
46 206
115 206
116 206
117 206
118 206
119 206
120 206
142 206
143 206
144 206
145 206
12 205
13 205
14 205
40 205
41 205
42 205
43 205
44 205
45 205
67 205
116 205
117 205
118 205
119 205
120 205
143 205
144 205
145 205
146 205
11 204
12 204
13 204
14 204
39 204
40 204
41 204
42 204
43 204
44 204
45 204
66 204
67 204
68 204
116 204
117 204
118 204
119 204
120 204
121 204
144 204
145 204
146 204
11 203
12 203
13 203
38 203
39 203
40 203
41 203
42 203
43 203
44 203
65 203
66 203
67 203
68 203
69 203
116 203
117 203
118 203
119 203
120 203
121 203
145 203
146 203
147 203
10 202
11 202
12 202
38 202
39 202
40 202
42 202
43 202
44 202
65 202
66 202
67 202
68 202
69 202
90 202
116 202
117 202
118 202
120 202
121 202
145 202
146 202
147 202
148 202
9 201
10 201
11 201
12 201
37 201
38 201
39 201
41 201
42 201
43 201
65 201
66 201
67 201
68 201
69 201
70 201
89 201
90 201
91 201
116 201
117 201
118 201
120 201
121 201
122 201
146 201
147 201
148 201
9 200
10 200
11 200
36 200
37 200
38 200
39 200
41 200
42 200
43 200
64 200
65 200
66 200
67 200
68 200
69 200
70 200
89 200
90 200
91 200
116 200
117 200
118 200
120 200
121 200
122 200
123 200
147 200
148 200
149 200
8 199
9 199
10 199
35 199
36 199
37 199
38 199
40 199
41 199
42 199
43 199
64 199
65 199
66 199
67 199
68 199
69 199
70 199
88 199
89 199
90 199
91 199
92 199
116 199
117 199
118 199
121 199
122 199
123 199
147 199
148 199
149 199
7 198
8 198
9 198
10 198
35 198
36 198
37 198
40 198
41 198
42 198
64 198
65 198
66 198
67 198
68 198
69 198
70 198
88 198
89 198
90 198
91 198
92 198
117 198
118 198
119 198
121 198
122 198
123 198
148 198
149 198
150 198
7 197
8 197
9 197
34 197
35 197
36 197
40 197
41 197
42 197
64 197
65 197
66 197
67 197
68 197
69 197
70 197
88 197
89 197
90 197
91 197
92 197
117 197
118 197
119 197
122 197
123 197
124 197
148 197
149 197
150 197
7 196
8 196
9 196
33 196
34 196
35 196
36 196
39 196
40 196
41 196
64 196
65 196
66 196
67 196
68 196
69 196
70 196
88 196
89 196
90 196
91 196
92 196
117 196
118 196
119 196
122 196
123 196
124 196
125 196
149 196
150 196
151 196
6 195
7 195
8 195
32 195
33 195
34 195
35 195
39 195
40 195
41 195
64 195
65 195
66 195
67 195
68 195
69 195
70 195
88 195
89 195
90 195
91 195
92 195
117 195
118 195
119 195
123 195
124 195
125 195
149 195
150 195
151 195
152 195
5 194
6 194
7 194
8 194
32 194
33 194
34 194
38 194
39 194
40 194
41 194
64 194
65 194
66 194
67 194
68 194
69 194
70 194
88 194
89 194
90 194
91 194
92 194
117 194
118 194
119 194
123 194
124 194
125 194
126 194
150 194
151 194
152 194
5 193
6 193
7 193
31 193
32 193
33 193
38 193
39 193
40 193
64 193
65 193
66 193
67 193
68 193
69 193
70 193
88 193
89 193
90 193
91 193
92 193
117 193
118 193
119 193
124 193
125 193
126 193
150 193
151 193
152 193
5 192
6 192
7 192
30 192
31 192
32 192
33 192
38 192
39 192
40 192
65 192
66 192
67 192
68 192
69 192
70 192
88 192
89 192
90 192
91 192
92 192
117 192
118 192
119 192
124 192
125 192
126 192
127 192
151 192
152 192
153 192
4 191
5 191
6 191
29 191
30 191
31 191
32 191
37 191
38 191
39 191
65 191
66 191
67 191
68 191
69 191
88 191
89 191
90 191
91 191
92 191
117 191
118 191
119 191
125 191
126 191
127 191
151 191
152 191
153 191
4 190
5 190
6 190
29 190
30 190
31 190
37 190
38 190
39 190
65 190
66 190
67 190
68 190
69 190
88 190
89 190
90 190
91 190
92 190
118 190
119 190
126 190
127 190
128 190
151 190
152 190
153 190
154 190
3 189
4 189
5 189
6 189
28 189
29 189
30 189
31 189
37 189
38 189
39 189
66 189
67 189
68 189
88 189
89 189
90 189
91 189
92 189
118 189
119 189
126 189
127 189
128 189
152 189
153 189
154 189
3 188
4 188
5 188
27 188
28 188
29 188
30 188
36 188
37 188
38 188
67 188
68 188
88 188
89 188
90 188
91 188
92 188
118 188
119 188
126 188
127 188
128 188
129 188
152 188
153 188
154 188
3 187
4 187
5 187
26 187
27 187
28 187
29 187
36 187
37 187
38 187
89 187
90 187
91 187
92 187
118 187
119 187
127 187
128 187
129 187
153 187
154 187
3 186
4 186
26 186
27 186
28 186
36 186
37 186
38 186
89 186
90 186
91 186
118 186
119 186
128 186
129 186
130 186
153 186
154 186
155 186
2 185
3 185
4 185
25 185
26 185
27 185
36 185
37 185
89 185
90 185
118 185
119 185
128 185
129 185
130 185
153 185
154 185
155 185
2 184
3 184
4 184
24 184
25 184
26 184
27 184
35 184
36 184
37 184
73 184
74 184
75 184
76 184
77 184
78 184
79 184
80 184
81 184
82 184
83 184
118 184
119 184
129 184
130 184
131 184
153 184
154 184
155 184
2 183
3 183
4 183
23 183
24 183
25 183
26 183
35 183
36 183
37 183
70 183
71 183
72 183
73 183
74 183
75 183
76 183
77 183
78 183
79 183
80 183
81 183
82 183
83 183
84 183
85 183
118 183
119 183
129 183
130 183
131 183
132 183
154 183
155 183
156 183
1 182
2 182
3 182
22 182
23 182
24 182
25 182
35 182
36 182
37 182
69 182
70 182
71 182
72 182
73 182
74 182
75 182
76 182
77 182
78 182
79 182
80 182
81 182
82 182
83 182
84 182
85 182
86 182
118 182
119 182
130 182
131 182
132 182
154 182
155 182
156 182
1 181
2 181
3 181
21 181
22 181
23 181
24 181
34 181
35 181
36 181
68 181
69 181
70 181
71 181
72 181
73 181
74 181
75 181
76 181
77 181
78 181
79 181
80 181
81 181
82 181
83 181
84 181
85 181
86 181
87 181
118 181
119 181
130 181
131 181
132 181
133 181
154 181
155 181
156 181
1 180
2 180
3 180
21 180
22 180
23 180
34 180
35 180
36 180
67 180
68 180
69 180
70 180
71 180
72 180
73 180
74 180
75 180
76 180
77 180
78 180
79 180
80 180
81 180
82 180
83 180
84 180
85 180
86 180
87 180
88 180
118 180
119 180
131 180
132 180
133 180
154 180
155 180
156 180
1 179
2 179
3 179
20 179
21 179
22 179
34 179
35 179
36 179
67 179
68 179
69 179
70 179
71 179
72 179
73 179
74 179
75 179
76 179
77 179
78 179
79 179
80 179
81 179
82 179
83 179
84 179
85 179
86 179
87 179
88 179
118 179
119 179
132 179
133 179
134 179
155 179
156 179
1 178
2 178
3 178
19 178
20 178
21 178
22 178
34 178
35 178
36 178
67 178
68 178
69 178
70 178
71 178
72 178
73 178
74 178
75 178
76 178
77 178
78 178
79 178
80 178
81 178
82 178
83 178
84 178
85 178
86 178
87 178
88 178
89 178
117 178
118 178
119 178
132 178
133 178
134 178
155 178
156 178
1 177
2 177
18 177
19 177
20 177
21 177
34 177
35 177
67 177
68 177
69 177
70 177
71 177
72 177
73 177
74 177
75 177
76 177
77 177
78 177
79 177
80 177
81 177
82 177
83 177
84 177
85 177
86 177
87 177
88 177
89 177
117 177
118 177
119 177
133 177
134 177
135 177
155 177
156 177
157 177
1 176
2 176
17 176
18 176
19 176
20 176
33 176
34 176
35 176
67 176
68 176
69 176
70 176
71 176
72 176
73 176
74 176
75 176
76 176
77 176
78 176
79 176
80 176
81 176
82 176
83 176
84 176
85 176
86 176
87 176
88 176
89 176
117 176
118 176
119 176
133 176
134 176
135 176
136 176
155 176
156 176
157 176
1 175
2 175
16 175
17 175
18 175
19 175
33 175
34 175
35 175
67 175
68 175
69 175
70 175
71 175
72 175
73 175
74 175
75 175
76 175
77 175
78 175
79 175
80 175
81 175
82 175
83 175
84 175
85 175
86 175
87 175
88 175
117 175
118 175
119 175
134 175
135 175
136 175
155 175
156 175
157 175
1 174
2 174
15 174
16 174
17 174
18 174
33 174
34 174
35 174
67 174
68 174
69 174
70 174
71 174
72 174
73 174
74 174
75 174
76 174
77 174
78 174
79 174
80 174
81 174
82 174
83 174
84 174
85 174
86 174
87 174
88 174
117 174
118 174
119 174
135 174
136 174
137 174
155 174
156 174
157 174
1 173
2 173
14 173
15 173
16 173
17 173
33 173
34 173
35 173
68 173
69 173
70 173
71 173
72 173
73 173
74 173
75 173
76 173
77 173
78 173
79 173
80 173
81 173
82 173
83 173
84 173
85 173
86 173
87 173
117 173
118 173
119 173
135 173
136 173
137 173
155 173
156 173
157 173
1 172
2 172
13 172
14 172
15 172
16 172
33 172
34 172
35 172
69 172
70 172
71 172
72 172
73 172
74 172
75 172
76 172
77 172
78 172
79 172
80 172
81 172
82 172
83 172
84 172
85 172
86 172
117 172
118 172
119 172
136 172
137 172
138 172
155 172
156 172
157 172
1 171
2 171
12 171
13 171
14 171
15 171
33 171
34 171
35 171
71 171
72 171
73 171
74 171
75 171
76 171
77 171
78 171
79 171
80 171
81 171
82 171
83 171
84 171
85 171
117 171
118 171
119 171
137 171
138 171
139 171
155 171
156 171
157 171
1 170
2 170
11 170
12 170
13 170
14 170
33 170
34 170
73 170
74 170
75 170
76 170
77 170
78 170
79 170
80 170
81 170
82 170
83 170
116 170
117 170
118 170
137 170
138 170
139 170
155 170
156 170
157 170
1 169
2 169
10 169
11 169
12 169
13 169
32 169
33 169
34 169
77 169
78 169
79 169
116 169
117 169
118 169
138 169
139 169
140 169
155 169
156 169
157 169
1 168
2 168
3 168
8 168
9 168
10 168
11 168
12 168
32 168
33 168
34 168
116 168
117 168
118 168
138 168
139 168
140 168
141 168
155 168
156 168
157 168
1 167
2 167
3 167
4 167
6 167
7 167
8 167
9 167
10 167
11 167
32 167
33 167
34 167
116 167
117 167
118 167
139 167
140 167
141 167
142 167
155 167
156 167
157 167
2 166
3 166
4 166
5 166
6 166
7 166
8 166
9 166
32 166
33 166
34 166
116 166
117 166
140 166
141 166
142 166
143 166
155 166
156 166
157 166
3 165
4 165
5 165
6 165
7 165
8 165
32 165
33 165
34 165
116 165
117 165
141 165
142 165
143 165
155 165
156 165
157 165
32 164
33 164
34 164
115 164
116 164
117 164
141 164
142 164
143 164
144 164
155 164
156 164
32 163
33 163
34 163
115 163
116 163
117 163
142 163
143 163
144 163
145 163
155 163
156 163
32 162
33 162
34 162
114 162
115 162
116 162
117 162
143 162
144 162
145 162
146 162
154 162
155 162
156 162
33 161
34 161
35 161
114 161
115 161
116 161
144 161
145 161
146 161
147 161
154 161
155 161
156 161
33 160
34 160
35 160
114 160
115 160
116 160
145 160
146 160
147 160
148 160
153 160
154 160
155 160
156 160
33 159
34 159
35 159
114 159
115 159
116 159
146 159
147 159
148 159
149 159
150 159
153 159
154 159
155 159
33 158
34 158
35 158
113 158
114 158
115 158
147 158
148 158
149 158
150 158
151 158
152 158
153 158
154 158
33 157
34 157
35 157
113 157
114 157
115 157
149 157
150 157
151 157
152 157
153 157
154 157
34 156
35 156
56 156
57 156
58 156
112 156
113 156
114 156
34 155
35 155
36 155
56 155
57 155
58 155
81 155
82 155
83 155
112 155
113 155
114 155
34 154
35 154
36 154
57 154
58 154
59 154
80 154
81 154
82 154
83 154
84 154
111 154
112 154
113 154
34 153
35 153
36 153
37 153
57 153
58 153
59 153
78 153
79 153
80 153
81 153
82 153
111 153
112 153
113 153
35 152
36 152
37 152
58 152
59 152
60 152
76 152
77 152
78 152
79 152
80 152
81 152
110 152
111 152
112 152
113 152
35 151
36 151
37 151
58 151
59 151
60 151
61 151
74 151
75 151
76 151
77 151
78 151
79 151
80 151
110 151
111 151
112 151
113 151
36 150
37 150
38 150
59 150
60 150
61 150
62 150
63 150
71 150
72 150
73 150
74 150
75 150
76 150
77 150
78 150
109 150
110 150
111 150
112 150
113 150
36 149
37 149
38 149
39 149
60 149
61 149
62 149
63 149
64 149
65 149
66 149
67 149
68 149
69 149
70 149
71 149
72 149
73 149
74 149
75 149
76 149
108 149
109 149
110 149
111 149
112 149
113 149
114 149
37 148
38 148
39 148
62 148
63 148
64 148
65 148
66 148
67 148
68 148
69 148
70 148
71 148
72 148
73 148
108 148
109 148
110 148
112 148
113 148
114 148
37 147
38 147
39 147
40 147
64 147
65 147
66 147
67 147
68 147
69 147
70 147
107 147
108 147
109 147
112 147
113 147
114 147
38 146
39 146
40 146
41 146
106 146
107 146
108 146
109 146
113 146
114 146
115 146
39 145
40 145
41 145
42 145
105 145
106 145
107 145
108 145
113 145
114 145
115 145
40 144
41 144
42 144
43 144
104 144
105 144
106 144
107 144
113 144
114 144
115 144
40 143
41 143
42 143
43 143
44 143
103 143
104 143
105 143
106 143
113 143
114 143
115 143
42 142
43 142
44 142
45 142
102 142
103 142
104 142
105 142
114 142
115 142
116 142
43 141
44 141
45 141
46 141
47 141
100 141
101 141
102 141
103 141
104 141
114 141
115 141
116 141
44 140
45 140
46 140
47 140
48 140
49 140
99 140
100 140
101 140
102 140
103 140
114 140
115 140
116 140
45 139
46 139
47 139
48 139
49 139
50 139
97 139
98 139
99 139
100 139
101 139
114 139
115 139
116 139
117 139
47 138
48 138
49 138
50 138
51 138
52 138
53 138
95 138
96 138
97 138
98 138
99 138
100 138
115 138
116 138
117 138
49 137
50 137
51 137
52 137
53 137
54 137
55 137
93 137
94 137
95 137
96 137
97 137
98 137
115 137
116 137
117 137
51 136
52 136
53 136
54 136
55 136
56 136
57 136
58 136
59 136
90 136
91 136
92 136
93 136
94 136
95 136
96 136
116 136
117 136
53 135
54 135
55 135
56 135
57 135
58 135
59 135
60 135
61 135
62 135
63 135
64 135
86 135
87 135
88 135
89 135
90 135
91 135
92 135
93 135
94 135
116 135
117 135
118 135
57 134
58 134
59 134
60 134
61 134
62 134
63 134
64 134
65 134
66 134
67 134
68 134
69 134
70 134
71 134
72 134
73 134
74 134
75 134
76 134
77 134
78 134
79 134
80 134
81 134
82 134
83 134
84 134
85 134
86 134
87 134
88 134
89 134
90 134
91 134
92 134
116 134
117 134
118 134
57 133
58 133
59 133
60 133
61 133
62 133
63 133
64 133
65 133
66 133
67 133
68 133
69 133
70 133
71 133
72 133
73 133
74 133
75 133
76 133
77 133
78 133
79 133
80 133
81 133
82 133
83 133
84 133
85 133
86 133
87 133
88 133
89 133
116 133
117 133
118 133
57 132
58 132
59 132
67 132
68 132
69 132
70 132
71 132
72 132
73 132
74 132
75 132
76 132
77 132
78 132
79 132
80 132
81 132
82 132
83 132
84 132
117 132
118 132
119 132
57 131
58 131
117 131
118 131
119 131
57 130
58 130
117 130
118 130
119 130
56 129
57 129
58 129
118 129
119 129
56 128
57 128
58 128
118 128
119 128
120 128
56 127
57 127
58 127
118 127
119 127
120 127
56 126
57 126
118 126
119 126
120 126
56 125
57 125
119 125
120 125
121 125
55 124
56 124
57 124
119 124
120 124
121 124
55 123
56 123
57 123
119 123
120 123
121 123
55 122
56 122
57 122
120 122
121 122
122 122
55 121
56 121
57 121
120 121
121 121
122 121
55 120
56 120
57 120
120 120
121 120
122 120
55 119
56 119
121 119
122 119
123 119
54 118
55 118
56 118
121 118
122 118
123 118
54 117
55 117
56 117
121 117
122 117
123 117
54 116
55 116
56 116
122 116
123 116
124 116
54 115
55 115
56 115
122 115
123 115
124 115
53 114
54 114
55 114
122 114
123 114
124 114
53 113
54 113
55 113
123 113
124 113
125 113
53 112
54 112
55 112
123 112
124 112
125 112
52 111
53 111
54 111
55 111
123 111
124 111
125 111
52 110
53 110
54 110
55 110
124 110
125 110
126 110
52 109
53 109
54 109
55 109
124 109
125 109
126 109
52 108
53 108
54 108
124 108
125 108
126 108
51 107
52 107
53 107
54 107
125 107
126 107
127 107
51 106
52 106
53 106
54 106
125 106
126 106
127 106
50 105
51 105
52 105
53 105
54 105
126 105
127 105
50 104
51 104
52 104
53 104
54 104
126 104
127 104
128 104
50 103
51 103
52 103
53 103
126 103
127 103
128 103
50 102
51 102
52 102
53 102
126 102
127 102
128 102
129 102
49 101
50 101
51 101
52 101
53 101
127 101
128 101
129 101
49 100
50 100
51 100
52 100
53 100
127 100
128 100
129 100
48 99
49 99
50 99
51 99
52 99
53 99
128 99
129 99
130 99
48 98
49 98
50 98
51 98
52 98
53 98
128 98
129 98
130 98
48 97
49 97
50 97
51 97
52 97
128 97
129 97
130 97
131 97
190 97
191 97
48 96
49 96
50 96
51 96
52 96
129 96
130 96
131 96
189 96
190 96
191 96
192 96
47 95
48 95
49 95
50 95
51 95
52 95
129 95
130 95
131 95
189 95
190 95
191 95
192 95
193 95
47 94
48 94
49 94
50 94
51 94
52 94
130 94
131 94
132 94
189 94
190 94
191 94
192 94
193 94
47 93
48 93
49 93
50 93
51 93
130 93
131 93
132 93
188 93
189 93
190 93
191 93
192 93
193 93
194 93
46 92
47 92
48 92
49 92
50 92
51 92
130 92
131 92
132 92
188 92
189 92
190 92
192 92
193 92
194 92
46 91
47 91
48 91
49 91
50 91
51 91
131 91
132 91
133 91
188 91
189 91
190 91
192 91
193 91
194 91
195 91
46 90
47 90
48 90
49 90
50 90
51 90
131 90
132 90
133 90
188 90
189 90
190 90
193 90
194 90
195 90
45 89
46 89
47 89
48 89
49 89
50 89
51 89
132 89
133 89
134 89
188 89
189 89
190 89
193 89
194 89
195 89
45 88
46 88
47 88
48 88
49 88
50 88
51 88
132 88
133 88
134 88
188 88
189 88
190 88
194 88
195 88
45 87
46 87
47 87
48 87
49 87
50 87
132 87
133 87
134 87
135 87
188 87
189 87
190 87
194 87
195 87
196 87
44 86
45 86
46 86
48 86
49 86
50 86
74 86
75 86
76 86
77 86
78 86
79 86
80 86
133 86
134 86
135 86
188 86
189 86
190 86
194 86
195 86
196 86
44 85
45 85
46 85
48 85
49 85
50 85
71 85
72 85
73 85
74 85
75 85
76 85
77 85
78 85
79 85
80 85
81 85
82 85
83 85
84 85
133 85
134 85
135 85
188 85
189 85
190 85
194 85
195 85
196 85
44 84
45 84
46 84
48 84
49 84
50 84
70 84
71 84
72 84
73 84
74 84
75 84
76 84
77 84
78 84
79 84
80 84
81 84
82 84
83 84
84 84
85 84
86 84
134 84
135 84
136 84
188 84
189 84
190 84
195 84
196 84
197 84
43 83
44 83
45 83
48 83
49 83
69 83
70 83
71 83
72 83
73 83
82 83
83 83
84 83
85 83
86 83
87 83
88 83
134 83
135 83
136 83
188 83
189 83
190 83
195 83
196 83
197 83
43 82
44 82
45 82
47 82
48 82
49 82
69 82
70 82
71 82
72 82
84 82
85 82
86 82
87 82
88 82
89 82
135 82
136 82
137 82
188 82
189 82
190 82
195 82
196 82
197 82
43 81
44 81
45 81
47 81
48 81
49 81
68 81
69 81
70 81
86 81
87 81
88 81
89 81
90 81
91 81
135 81
136 81
137 81
188 81
189 81
190 81
195 81
196 81
197 81
42 80
43 80
44 80
47 80
48 80
49 80
67 80
68 80
69 80
70 80
88 80
89 80
90 80
91 80
92 80
135 80
136 80
137 80
188 80
189 80
190 80
196 80
197 80
42 79
43 79
44 79
47 79
48 79
49 79
67 79
68 79
69 79
90 79
91 79
92 79
93 79
94 79
136 79
137 79
138 79
188 79
189 79
190 79
196 79
197 79
198 79
42 78
43 78
46 78
47 78
48 78
67 78
68 78
91 78
92 78
93 78
94 78
95 78
136 78
137 78
138 78
188 78
189 78
190 78
196 78
197 78
198 78
41 77
42 77
43 77
46 77
47 77
48 77
66 77
67 77
68 77
93 77
94 77
95 77
96 77
137 77
138 77
139 77
188 77
189 77
190 77
196 77
197 77
198 77
41 76
42 76
43 76
46 76
47 76
48 76
66 76
67 76
68 76
94 76
95 76
96 76
97 76
98 76
137 76
138 76
139 76
188 76
189 76
190 76
196 76
197 76
198 76
40 75
41 75
42 75
43 75
46 75
47 75
48 75
66 75
67 75
68 75
95 75
96 75
97 75
98 75
99 75
138 75
139 75
140 75
188 75
189 75
190 75
196 75
197 75
198 75
40 74
41 74
42 74
46 74
47 74
65 74
66 74
67 74
97 74
98 74
99 74
100 74
138 74
139 74
140 74
188 74
189 74
197 74
198 74
199 74
40 73
41 73
42 73
45 73
46 73
47 73
65 73
66 73
67 73
98 73
99 73
100 73
101 73
138 73
139 73
140 73
141 73
188 73
189 73
197 73
198 73
199 73
39 72
40 72
41 72
45 72
46 72
47 72
65 72
66 72
67 72
99 72
100 72
101 72
102 72
139 72
140 72
141 72
187 72
188 72
189 72
197 72
198 72
199 72
39 71
40 71
41 71
45 71
46 71
47 71
65 71
66 71
67 71
100 71
101 71
102 71
103 71
139 71
140 71
141 71
142 71
187 71
188 71
189 71
197 71
198 71
199 71
39 70
40 70
41 70
44 70
45 70
46 70
65 70
66 70
101 70
102 70
103 70
104 70
105 70
140 70
141 70
142 70
187 70
188 70
189 70
197 70
198 70
199 70
38 69
39 69
40 69
44 69
45 69
46 69
65 69
66 69
102 69
103 69
104 69
105 69
106 69
140 69
141 69
142 69
143 69
187 69
188 69
197 69
198 69
199 69
38 68
39 68
40 68
44 68
45 68
46 68
65 68
66 68
104 68
105 68
106 68
107 68
141 68
142 68
143 68
186 68
187 68
188 68
198 68
199 68
38 67
39 67
44 67
45 67
46 67
65 67
66 67
105 67
106 67
107 67
141 67
142 67
143 67
144 67
186 67
187 67
188 67
198 67
199 67
37 66
38 66
39 66
44 66
45 66
64 66
65 66
66 66
106 66
142 66
143 66
144 66
186 66
187 66
188 66
198 66
199 66
37 65
38 65
39 65
43 65
44 65
45 65
64 65
65 65
66 65
142 65
143 65
144 65
145 65
186 65
187 65
188 65
198 65
199 65
36 64
37 64
38 64
43 64
44 64
45 64
64 64
65 64
66 64
143 64
144 64
145 64
186 64
187 64
198 64
199 64
36 63
37 63
38 63
43 63
44 63
45 63
64 63
65 63
66 63
143 63
144 63
145 63
146 63
185 63
186 63
187 63
198 63
199 63
200 63
36 62
37 62
38 62
42 62
43 62
44 62
64 62
65 62
66 62
144 62
145 62
146 62
185 62
186 62
187 62
198 62
199 62
200 62
35 61
36 61
37 61
42 61
43 61
44 61
64 61
65 61
66 61
145 61
146 61
147 61
185 61
186 61
187 61
198 61
199 61
200 61
35 60
36 60
37 60
42 60
43 60
44 60
64 60
65 60
66 60
145 60
146 60
147 60
184 60
185 60
186 60
198 60
199 60
200 60
34 59
35 59
36 59
42 59
43 59
44 59
64 59
65 59
66 59
146 59
147 59
148 59
184 59
185 59
186 59
198 59
199 59
200 59
34 58
35 58
36 58
41 58
42 58
43 58
65 58
66 58
146 58
147 58
148 58
184 58
185 58
198 58
199 58
200 58
33 57
34 57
35 57
41 57
42 57
43 57
65 57
66 57
147 57
148 57
149 57
183 57
184 57
185 57
198 57
199 57
200 57
33 56
34 56
35 56
41 56
42 56
43 56
65 56
66 56
147 56
148 56
149 56
150 56
183 56
184 56
185 56
198 56
199 56
200 56
32 55
33 55
34 55
35 55
41 55
42 55
43 55
65 55
66 55
148 55
149 55
150 55
182 55
183 55
184 55
185 55
198 55
199 55
200 55
18 54
19 54
32 54
33 54
34 54
40 54
41 54
42 54
65 54
66 54
149 54
150 54
151 54
182 54
183 54
184 54
198 54
199 54
200 54
11 53
12 53
13 53
14 53
15 53
16 53
17 53
18 53
19 53
20 53
21 53
22 53
23 53
24 53
25 53
26 53
27 53
28 53
31 53
32 53
33 53
40 53
41 53
42 53
65 53
66 53
67 53
149 53
150 53
151 53
182 53
183 53
184 53
198 53
199 53
200 53
8 52
9 52
10 52
11 52
12 52
13 52
14 52
15 52
16 52
17 52
18 52
19 52
20 52
21 52
22 52
23 52
24 52
25 52
26 52
27 52
28 52
29 52
30 52
31 52
32 52
33 52
40 52
41 52
42 52
65 52
66 52
67 52
150 52
151 52
152 52
181 52
182 52
183 52
198 52
199 52
200 52
6 51
7 51
8 51
9 51
10 51
11 51
12 51
13 51
14 51
15 51
16 51
20 51
21 51
22 51
23 51
24 51
25 51
26 51
27 51
28 51
29 51
30 51
31 51
32 51
39 51
40 51
41 51
65 51
66 51
67 51
150 51
151 51
152 51
153 51
181 51
182 51
183 51
198 51
199 51
200 51
5 50
6 50
7 50
8 50
9 50
31 50
39 50
40 50
41 50
65 50
66 50
67 50
151 50
152 50
153 50
180 50
181 50
182 50
198 50
199 50
5 49
6 49
7 49
8 49
39 49
40 49
41 49
65 49
66 49
67 49
151 49
152 49
153 49
154 49
180 49
181 49
182 49
198 49
199 49
4 48
5 48
6 48
38 48
39 48
40 48
65 48
66 48
67 48
152 48
153 48
154 48
155 48
179 48
180 48
181 48
198 48
199 48
4 47
5 47
6 47
38 47
39 47
40 47
65 47
66 47
67 47
153 47
154 47
155 47
179 47
180 47
181 47
198 47
199 47
3 46
4 46
5 46
38 46
39 46
66 46
67 46
68 46
153 46
154 46
155 46
156 46
178 46
179 46
180 46
197 46
198 46
199 46
3 45
4 45
5 45
37 45
38 45
39 45
66 45
67 45
68 45
154 45
155 45
156 45
157 45
178 45
179 45
180 45
197 45
198 45
199 45
4 44
5 44
6 44
37 44
38 44
39 44
66 44
67 44
68 44
155 44
156 44
157 44
158 44
177 44
178 44
179 44
197 44
198 44
199 44
4 43
5 43
6 43
36 43
37 43
38 43
66 43
67 43
68 43
155 43
156 43
157 43
158 43
177 43
178 43
179 43
197 43
198 43
199 43
4 42
5 42
6 42
36 42
37 42
38 42
66 42
67 42
68 42
156 42
157 42
158 42
159 42
176 42
177 42
178 42
197 42
198 42
199 42
4 41
5 41
6 41
10 41
11 41
12 41
13 41
14 41
15 41
16 41
17 41
18 41
19 41
20 41
21 41
22 41
23 41
24 41
25 41
35 41
36 41
37 41
66 41
67 41
68 41
157 41
158 41
159 41
160 41
175 41
176 41
177 41
178 41
196 41
197 41
198 41
5 40
6 40
7 40
8 40
9 40
10 40
11 40
12 40
13 40
14 40
15 40
16 40
17 40
18 40
19 40
20 40
21 40
22 40
23 40
24 40
25 40
26 40
27 40
28 40
29 40
30 40
31 40
32 40
34 40
35 40
36 40
37 40
67 40
68 40
158 40
159 40
160 40
175 40
176 40
177 40
196 40
197 40
198 40
5 39
6 39
7 39
8 39
9 39
10 39
11 39
12 39
13 39
14 39
15 39
16 39
17 39
18 39
19 39
20 39
21 39
22 39
23 39
24 39
25 39
26 39
27 39
28 39
29 39
30 39
31 39
32 39
33 39
34 39
35 39
36 39
67 39
68 39
159 39
160 39
161 39
174 39
175 39
176 39
196 39
197 39
198 39
4 38
5 38
6 38
7 38
8 38
9 38
28 38
29 38
30 38
31 38
32 38
33 38
34 38
35 38
67 38
68 38
69 38
159 38
160 38
161 38
162 38
173 38
174 38
175 38
176 38
196 38
197 38
198 38
3 37
4 37
5 37
6 37
7 37
32 37
33 37
34 37
35 37
67 37
68 37
69 37
160 37
161 37
162 37
163 37
173 37
174 37
175 37
196 37
197 37
3 36
4 36
5 36
67 36
68 36
69 36
161 36
162 36
163 36
164 36
172 36
173 36
174 36
195 36
196 36
197 36
2 35
3 35
4 35
67 35
68 35
69 35
162 35
163 35
164 35
165 35
171 35
172 35
173 35
174 35
195 35
196 35
197 35
2 34
3 34
4 34
68 34
69 34
70 34
163 34
164 34
165 34
166 34
171 34
172 34
173 34
194 34
195 34
196 34
197 34
2 33
3 33
4 33
68 33
69 33
70 33
164 33
165 33
166 33
167 33
170 33
171 33
172 33
194 33
195 33
196 33
2 32
3 32
4 32
68 32
69 32
70 32
165 32
166 32
167 32
168 32
169 32
170 32
171 32
172 32
194 32
195 32
196 32
2 31
3 31
4 31
52 31
53 31
54 31
55 31
56 31
57 31
58 31
59 31
60 31
61 31
62 31
63 31
64 31
65 31
66 31
67 31
68 31
69 31
70 31
166 31
167 31
168 31
169 31
170 31
171 31
193 31
194 31
195 31
2 30
3 30
4 30
47 30
48 30
49 30
50 30
51 30
52 30
53 30
54 30
55 30
56 30
57 30
58 30
59 30
60 30
61 30
62 30
63 30
64 30
65 30
66 30
67 30
68 30
69 30
70 30
167 30
168 30
169 30
170 30
193 30
194 30
195 30
2 29
3 29
4 29
42 29
43 29
44 29
45 29
46 29
47 29
48 29
49 29
50 29
51 29
52 29
53 29
54 29
55 29
56 29
57 29
58 29
59 29
60 29
61 29
62 29
63 29
64 29
65 29
66 29
67 29
68 29
69 29
70 29
71 29
168 29
169 29
192 29
193 29
194 29
2 28
3 28
4 28
39 28
40 28
41 28
42 28
43 28
44 28
45 28
46 28
47 28
48 28
49 28
192 28
193 28
194 28
2 27
3 27
4 27
37 27
38 27
39 27
40 27
41 27
42 27
43 27
44 27
45 27
191 27
192 27
193 27
3 26
4 26
35 26
36 26
37 26
38 26
39 26
40 26
41 26
190 26
191 26
192 26
193 26
3 25
4 25
5 25
34 25
35 25
36 25
37 25
38 25
190 25
191 25
192 25
3 24
4 24
5 24
6 24
33 24
34 24
35 24
36 24
189 24
190 24
191 24
4 23
5 23
6 23
32 23
33 23
34 23
35 23
188 23
189 23
190 23
191 23
4 22
5 22
6 22
7 22
31 22
32 22
33 22
34 22
187 22
188 22
189 22
190 22
5 21
6 21
7 21
8 21
30 21
31 21
32 21
33 21
186 21
187 21
188 21
189 21
6 20
7 20
8 20
9 20
30 20
31 20
32 20
184 20
185 20
186 20
187 20
188 20
7 19
8 19
9 19
10 19
11 19
12 19
27 19
28 19
29 19
30 19
31 19
32 19
183 19
184 19
185 19
186 19
187 19
8 18
9 18
10 18
11 18
12 18
13 18
14 18
15 18
23 18
24 18
25 18
26 18
27 18
28 18
29 18
30 18
31 18
32 18
181 18
182 18
183 18
184 18
185 18
186 18
10 17
11 17
12 17
13 17
14 17
15 17
16 17
17 17
18 17
19 17
20 17
21 17
22 17
23 17
24 17
25 17
26 17
27 17
28 17
29 17
30 17
31 17
32 17
109 17
110 17
111 17
112 17
113 17
114 17
115 17
116 17
117 17
118 17
119 17
120 17
121 17
122 17
123 17
124 17
125 17
126 17
127 17
128 17
129 17
130 17
131 17
132 17
133 17
134 17
135 17
136 17
137 17
138 17
139 17
140 17
141 17
142 17
143 17
144 17
145 17
179 17
180 17
181 17
182 17
183 17
184 17
12 16
13 16
14 16
15 16
16 16
17 16
18 16
19 16
20 16
21 16
22 16
23 16
24 16
25 16
26 16
30 16
31 16
32 16
33 16
104 16
105 16
106 16
107 16
108 16
109 16
110 16
111 16
112 16
113 16
114 16
115 16
116 16
117 16
118 16
119 16
120 16
121 16
122 16
123 16
124 16
125 16
126 16
127 16
128 16
129 16
130 16
131 16
132 16
133 16
134 16
135 16
136 16
137 16
138 16
139 16
140 16
141 16
142 16
143 16
144 16
145 16
146 16
147 16
148 16
149 16
150 16
151 16
152 16
153 16
154 16
176 16
177 16
178 16
179 16
180 16
181 16
182 16
183 16
31 15
32 15
33 15
88 15
89 15
90 15
99 15
100 15
101 15
102 15
103 15
104 15
105 15
106 15
107 15
108 15
109 15
110 15
111 15
112 15
113 15
114 15
115 15
116 15
117 15
118 15
119 15
120 15
130 15
131 15
132 15
133 15
134 15
135 15
136 15
137 15
138 15
139 15
140 15
141 15
142 15
143 15
144 15
145 15
146 15
147 15
148 15
149 15
150 15
151 15
152 15
153 15
154 15
155 15
156 15
157 15
158 15
159 15
160 15
161 15
162 15
163 15
164 15
165 15
166 15
167 15
168 15
169 15
170 15
171 15
172 15
173 15
174 15
175 15
176 15
177 15
178 15
179 15
180 15
31 14
32 14
33 14
34 14
87 14
88 14
89 14
90 14
91 14
92 14
93 14
94 14
95 14
96 14
97 14
98 14
99 14
100 14
101 14
102 14
103 14
104 14
105 14
106 14
107 14
108 14
146 14
147 14
148 14
149 14
150 14
151 14
152 14
153 14
154 14
155 14
156 14
157 14
158 14
159 14
160 14
161 14
162 14
163 14
164 14
165 14
166 14
167 14
168 14
169 14
170 14
171 14
172 14
173 14
174 14
175 14
176 14
177 14
178 14
32 13
33 13
34 13
35 13
85 13
86 13
87 13
88 13
89 13
90 13
91 13
92 13
93 13
94 13
95 13
96 13
97 13
98 13
99 13
100 13
101 13
102 13
159 13
160 13
161 13
162 13
163 13
164 13
165 13
166 13
167 13
168 13
169 13
170 13
171 13
172 13
173 13
174 13
33 12
34 12
35 12
36 12
84 12
85 12
86 12
87 12
88 12
90 12
91 12
92 12
93 12
94 12
95 12
96 12
97 12
98 12
34 11
35 11
36 11
37 11
82 11
83 11
84 11
85 11
86 11
35 10
36 10
37 10
38 10
80 10
81 10
82 10
83 10
84 10
85 10
36 9
37 9
38 9
39 9
40 9
78 9
79 9
80 9
81 9
82 9
83 9
37 8
38 8
39 8
40 8
41 8
76 8
77 8
78 8
79 8
80 8
81 8
82 8
38 7
39 7
40 7
41 7
42 7
43 7
73 7
74 7
75 7
76 7
77 7
78 7
79 7
40 6
41 6
42 6
43 6
44 6
45 6
70 6
71 6
72 6
73 6
74 6
75 6
76 6
77 6
42 5
43 5
44 5
45 5
46 5
47 5
48 5
49 5
66 5
67 5
68 5
69 5
70 5
71 5
72 5
73 5
74 5
75 5
44 4
45 4
46 4
47 4
48 4
49 4
50 4
51 4
52 4
53 4
54 4
61 4
62 4
63 4
64 4
65 4
66 4
67 4
68 4
69 4
70 4
71 4
72 4
46 3
47 3
48 3
49 3
50 3
51 3
52 3
53 3
54 3
55 3
56 3
57 3
58 3
59 3
60 3
61 3
62 3
63 3
64 3
65 3
66 3
67 3
68 3
69 3
50 2
51 2
52 2
53 2
54 2
55 2
56 2
57 2
58 2
59 2
60 2
61 2
62 2
63 2
64 2
65 2
